POLYLINE
VERTEX
7
10.062
53.284
VERTEX
7
3.049
62.330
VERTEX
7
-1.981
55.317
VERTEX
7
-6.962
63.296
VERTEX
7
-11.942
55.317
VERTEX
7
-1.981
46.322
VERTEX
7
3.049
53.284
VERTEX
7
13.060
43.324
VERTEX
7
15.042
39.309
VERTEX
7
11.027
38.292
VERTEX
7
8.029
35.294
VERTEX
7
8.029
29.297
VERTEX
7
11.027
23.300
VERTEX
7
16.059
20.302
VERTEX
7
19.057
20.302
VERTEX
7
22.055
21.318
VERTEX
7
24.037
23.300
VERTEX
7
25.054
26.299
VERTEX
7
24.037
32.296
VERTEX
7
22.005
35.294
VERTEX
7
27.036
33.312
VERTEX
7
46.068
16.313
VERTEX
7
59.052
28.281
VERTEX
7
46.042
38.292
VERTEX
7
43.044
29.297
VERTEX
7
23.021
43.324
VERTEX
7
26.019
50.286
VERTEX
7
36.031
43.324
VERTEX
7
41.062
56.333
VERTEX
7
54.021
42.307
VERTEX
7
64.033
54.301
VERTEX
7
70.029
45.306
VERTEX
7
76.077
55.317
VERTEX
7
58.061
72.316
VERTEX
7
51.074
60.323
VERTEX
7
41.062
71.325
VERTEX
7
32.067
59.332
VERTEX
7
23.021
67.311
VERTEX
7
28.052
77.322
VERTEX
7
20.023
81.337
VERTEX
7
18.041
68.327
VERTEX
7
1.016
82.302
VERTEX
7
-4.980
69.293
VERTEX
7
0.050
64.261
VERTEX
7
4.014
72.291
VERTEX
7
14.026
64.312
VERTEX
7
10.062
53.284
SEQEND
POLYLINE
VERTEX
7
-8.944
45.306
VERTEX
7
-1.981
35.294
VERTEX
7
4.014
45.306
VERTEX
7
8.029
35.294
VERTEX
7
13.060
43.324
VERTEX
7
3.049
53.284
VERTEX
7
-1.981
46.322
VERTEX
7
-11.942
55.317
VERTEX
7
-13.975
59.332
VERTEX
7
-9.960
60.297
VERTEX
7
-6.962
63.296
VERTEX
7
-6.962
69.293
VERTEX
7
-9.960
75.340
VERTEX
7
-14.991
78.339
VERTEX
7
-17.990
78.339
VERTEX
7
-20.988
77.322
VERTEX
7
-22.970
75.340
VERTEX
7
-23.987
72.291
VERTEX
7
-22.970
66.294
VERTEX
7
-19.972
62.330
VERTEX
7
-24.952
64.312
VERTEX
7
-45.966
83.344
VERTEX
7
-58.976
71.325
VERTEX
7
-48.965
60.323
VERTEX
7
-41.977
72.316
VERTEX
7
-23.961
55.317
VERTEX
7
-29.958
45.306
VERTEX
7
-35.955
54.326
VERTEX
7
-45.966
42.307
VERTEX
7
-58.976
56.333
VERTEX
7
-63.982
43.324
VERTEX
7
-73.993
50.286
VERTEX
7
-76.992
43.324
VERTEX
7
-56.969
29.297
VERTEX
7
-53.970
38.292
VERTEX
7
-40.960
28.281
VERTEX
7
-31.000
38.292
VERTEX
7
-20.988
33.312
VERTEX
7
-25.969
22.284
VERTEX
7
-19.946
17.304
VERTEX
7
-13.975
30.314
VERTEX
7
0.050
14.305
VERTEX
7
6.047
27.315
VERTEX
7
4.014
34.278
VERTEX
7
0.050
25.308
VERTEX
7
-11.942
37.327
VERTEX
7
-8.944
45.306
SEQEND
ENDSEC
